489
164
238
125
304
280
96
69
468
390
474
400
41
55
439
316
316
268
341
342
131
485
470
48
360
107
383
63
440
175
91
18
53
220
101
90
227
432
196
133
461
383
173
108
3
468
309
16
209
140
197
271
222
419
143
3
216
291
459
412
227
409
331
286
128
42
115
29
334
445
421
142
119
464
137
248
145
197
1
70
113
452
181
296
71
50
52
22
475
373
289
496
136
370
406
416
433
8
110
94
131
479
6
75
396
484
120
189
294
227
89
84
133
418
438
229
298
478
124
393
239
301
133
238
143
41
410
350
386
22
135
15
8
233
465
446
21
145
39
19
205
116
237
156
424
154
146
265
265
395
211
53
494
151
449
55
55
119
408
96
200
177
452
60
119
81
358
257
484
344
392
214
380
370
415
161
256
95
372
14
130
218
374
123
123
442
486
16
104
476
413
329
50
340
445
24
216
137
279
34
276
191
140
140
280
451
126
451
208
461
75
13
266
212
93
409
252
418
471
235
206
1
42
209
221
257
201
264
250
159
292
478
457
370
155
88
336
249
62
298
111
203
197
104
291
10
26
455
125
479
265
98
267
488
104
277
34
145
450
257
375
74
430
92
365
40
322
465
227
182
285
405
401
37
20
163
254
366
30
287
454
3
480
471
150
325
178
143
384
195
83
18
155
87
300
105
218
66
54
182
